network,station,longitude,latitude,elevation
YW,1001,-97.740955,36.622297,322.2
YW,1002,-97.739831,36.622301,322.3
YW,1003,-97.738707,36.622319,322.4
YW,1004,-97.737583,36.622297,322.7
YW,1005,-97.736458,36.622309,322.7
YW,1006,-97.735334,36.622307,321.4
YW,1007,-97.73421,36.62231,320.6
YW,1008,-97.733086,36.622314,320.4
YW,1009,-97.731962,36.622319,320.4
YW,1010,-97.730838,36.622328,320.3
YW,1011,-97.729713,36.622343,320.4
YW,1012,-97.728589,36.62235,320.2
YW,1013,-97.727465,36.622362,320.4
YW,1014,-97.726341,36.622365,320.6
YW,1015,-97.725217,36.622375,320.5
YW,1016,-97.724093,36.6224,320.3
YW,1017,-97.722969,36.622399,320.4
YW,1018,-97.721844,36.622401,320.2
YW,1019,-97.72072,36.622424,320.6
YW,1020,-97.719596,36.622423,320.7
YW,1021,-97.718472,36.622422,320.8
YW,1022,-97.717348,36.622424,320.8
YW,1023,-97.716224,36.622421,320.7
YW,1024,-97.7151,36.622421,320.3
YW,1025,-97.713975,36.62244,320.6
YW,1026,-97.712851,36.62244,322.4
YW,1027,-97.711727,36.622433,323.7
YW,1028,-97.710603,36.622442,323.3
YW,1029,-97.709479,36.622442,321.4
YW,1030,-97.70845,36.622432,320.0
YW,1031,-97.70723,36.622433,319.9
YW,1032,-97.706106,36.622461,320.4
YW,1033,-97.704982,36.622458,320.1
YW,1034,-97.703858,36.62244,319.5
YW,1035,-97.702734,36.622449,319.9
YW,1036,-97.70161,36.62245,319.3
YW,1037,-97.700486,36.622444,318.9
YW,1038,-97.699361,36.622448,317.9
YW,1039,-97.698237,36.622452,318.7
YW,1040,-97.697113,36.622441,320.4
YW,1041,-97.695875,36.622307,322.0
YW,1042,-97.694865,36.622283,323.6
YW,1043,-97.693741,36.622283,323.6
YW,1044,-97.692617,36.622283,323.7
YW,1045,-97.691492,36.622283,323.4
YW,1046,-97.690368,36.622283,323.4
YW,1047,-97.689244,36.622283,323.5
YW,1048,-97.68812,36.622283,323.2
YW,1049,-97.686996,36.622283,323.2
YW,1050,-97.685872,36.622283,323.2
YW,1052,-97.683623,36.622283,323.1
YW,1053,-97.682499,36.622283,323.2
YW,1054,-97.681375,36.622283,323.1
YW,1055,-97.680251,36.622283,323.0
YW,1056,-97.679127,36.622283,322.8
YW,1058,-97.676878,36.622349,321.3
YW,1059,-97.675754,36.62235,320.6
YW,1060,-97.67463,36.62236,319.9
YW,1061,-97.673506,36.622346,319.9
YW,1062,-97.672382,36.622345,320.3
YW,1063,-97.671258,36.622334,320.1
YW,1064,-97.670134,36.622335,319.3
YW,1065,-97.669009,36.622346,318.0
YW,1066,-97.667885,36.622333,319.4
YW,1067,-97.666761,36.622329,319.2
YW,1068,-97.665637,36.622323,319.2
YW,1069,-97.664513,36.622316,320.4
YW,1070,-97.663389,36.622317,320.6
YW,1071,-97.662264,36.622312,320.1
YW,1072,-97.66114,36.622311,318.7
YW,1073,-97.659963,36.622227,316.8
YW,1074,-97.658892,36.622283,314.6
YW,1075,-97.657768,36.622283,312.6
YW,1076,-97.656644,36.622283,312.3
YW,1077,-97.65552,36.622411,311.8
YW,1078,-97.654395,36.622409,311.0
YW,1079,-97.653271,36.622417,311.5
YW,1080,-97.652147,36.622283,312.0
YW,1081,-97.651023,36.622283,312.0
YW,1082,-97.649899,36.622283,311.4
YW,1083,-97.648775,36.622423,311.1
YW,1084,-97.64765,36.622283,311.4
YW,1085,-97.646526,36.622283,313.0
YW,1086,-97.645402,36.622387,314.3
YW,1087,-97.644278,36.622283,314.5
YW,1088,-97.643154,36.622283,313.7
YW,1089,-97.641759,36.622222,316.3
YW,1090,-97.640973,36.622283,316.0
YW,1091,-97.639643,36.622222,317.4
YW,1092,-97.638657,36.622283,317.7
YW,1093,-97.637472,36.622267,318.1
YW,1094,-97.636409,36.622283,320.0
YW,1095,-97.6353,36.622267,320.0
YW,1096,-97.634161,36.622283,321.6
YW,1097,-97.633128,36.622267,322.9
YW,1098,-97.631912,36.622283,324.2
YW,1099,-97.630788,36.622283,325.6
YW,1100,-97.629664,36.622283,326.3
YW,1101,-97.62854,36.622283,326.4
YW,1102,-97.627416,36.622283,326.2
YW,1103,-97.626292,36.622283,326.3
YW,1104,-97.625167,36.622283,326.3
YW,1105,-97.624043,36.622283,326.5
YW,1106,-97.622919,36.622283,326.7
YW,1107,-97.621795,36.622283,326.8
YW,1108,-97.620671,36.622283,326.8
YW,1109,-97.619547,36.622283,326.5
YW,1110,-97.618423,36.622283,326.2
YW,1111,-97.617298,36.622283,326.3
YW,1112,-97.616174,36.622283,325.7
YW,1113,-97.61505,36.622283,323.5
YW,1114,-97.613926,36.622283,320.8
YW,1115,-97.612802,36.622283,319.1
YW,1116,-97.611678,36.622283,317.9
YW,1117,-97.610554,36.622283,317.8
YW,1118,-97.609429,36.622283,317.1
YW,1119,-97.608305,36.622283,317.8
YW,1120,-97.607181,36.622283,318.5
YW,1121,-97.606057,36.622283,317.4
YW,1122,-97.604933,36.622456,316.4
YW,1123,-97.603809,36.622456,313.6
YW,1124,-97.602573,36.622436,310.9
YW,1125,-97.60156,36.622467,311.7
YW,1126,-97.600436,36.622452,314.1
YW,1127,-97.599312,36.62245,317.3
YW,1128,-97.598188,36.622466,318.5
YW,1129,-97.597064,36.622283,317.7
YW,2001,-97.695841,36.636744,320.3
YW,2002,-97.695914,36.635904,320.3
YW,2004,-97.695925,36.634091,319.7
YW,2005,-97.695918,36.633184,319.2
YW,2006,-97.695914,36.632278,320.3
YW,2007,-97.695903,36.631372,321.0
YW,2008,-97.695925,36.630465,321.5
YW,2010,-97.695894,36.628652,321.7
YW,2011,-97.695891,36.627746,321.9
YW,2012,-97.695894,36.62684,322.0
YW,2013,-97.695891,36.625933,322.0
YW,2014,-97.695886,36.625027,322.1
YW,2015,-97.695886,36.62412,322.1
YW,2016,-97.69588,36.623214,322.4
YW,2017,-97.695875,36.622307,322.0
YW,2019,-97.695889,36.620495,321.4
YW,2020,-97.695888,36.619588,320.2
YW,2021,-97.695894,36.618682,320.5
YW,2022,-97.695891,36.617775,320.3
YW,2024,-97.695892,36.615963,320.2
YW,2025,-97.695886,36.615056,321.1
YW,2026,-97.695873,36.61415,323.3
YW,2027,-97.695879,36.613243,323.5
YW,2028,-97.695884,36.612337,323.6
YW,2029,-97.69589,36.611431,323.9
YW,2030,-97.695879,36.610524,324.1
YW,2031,-97.695882,36.609618,324.0
YW,2032,-97.69589,36.608711,324.0
YW,2033,-97.695907,36.607743,324.1
YW,2034,-97.695891,36.606899,324.4
YW,2035,-97.695895,36.605992,324.9
YW,2036,-97.695908,36.605086,325.1
YW,2037,-97.695903,36.604179,325.0
YW,2038,-97.695919,36.603273,324.6
YW,2039,-97.695908,36.602367,325.9
YW,2040,-97.695903,36.60146,326.4
YW,2041,-97.695903,36.600554,326.4
YW,2042,-97.695908,36.599647,326.3
YW,2043,-97.695919,36.598741,327.1
YW,2044,-97.695925,36.597834,327.3
YW,2046,-97.695925,36.596022,328.3
YW,2047,-97.695925,36.595115,328.8
YW,2048,-97.695919,36.594209,328.9
YW,2049,-97.695914,36.593528,329.1
YW,3001,-97.660019,36.63673,316.5
YW,3002,-97.659952,36.635824,318.1
YW,3003,-97.659943,36.634917,318.9
YW,3004,-97.659944,36.634011,319.6
YW,3005,-97.659946,36.633104,320.2
YW,3006,-97.659946,36.632198,320.1
YW,3007,-97.659941,36.631292,318.9
YW,3008,-97.659949,36.630385,319.9
YW,3009,-97.659943,36.629479,320.1
YW,3010,-97.65995,36.628572,320.4
YW,3011,-97.659953,36.627666,320.6
YW,3012,-97.65995,36.62676,320.4
YW,3013,-97.659958,36.625853,319.7
YW,3014,-97.659952,36.624947,319.0
YW,3015,-97.65995,36.62404,318.2
YW,3016,-97.659954,36.623108,317.0
YW,3017,-97.659963,36.622227,316.8
YW,3018,-97.659989,36.621321,315.7
YW,3019,-97.659991,36.620437,315.1
YW,3020,-97.659956,36.619508,314.0
YW,3021,-97.659958,36.618602,314.1
YW,3022,-97.659962,36.617695,314.0
YW,3023,-97.659969,36.616834,313.8
YW,3024,-97.659984,36.615883,314.4
YW,3025,-97.659978,36.614976,315.3
YW,3026,-97.659983,36.61407,316.3
YW,3027,-97.659989,36.613163,317.4
YW,3028,-97.659994,36.612257,320.4
YW,3029,-97.65999,36.611351,320.4
YW,3030,-97.659991,36.610444,320.6
YW,3031,-97.659992,36.609538,321.1
YW,3032,-97.659992,36.608631,321.6
YW,3033,-97.659999,36.607725,322.5
YW,3034,-97.659997,36.606819,323.0
YW,3035,-97.660007,36.605912,323.2
YW,3036,-97.66002,36.605006,323.8
YW,3037,-97.660043,36.604099,324.5
YW,3038,-97.660054,36.603193,324.9
YW,3039,-97.660065,36.602286,324.9
YW,3040,-97.660072,36.60138,325.0
YW,3041,-97.660092,36.600474,325.0
YW,3042,-97.660095,36.599567,324.7
YW,3043,-97.660103,36.598661,324.7
YW,3044,-97.660114,36.597754,324.2
YW,3045,-97.660116,36.596848,324.1
YW,3046,-97.660124,36.595942,323.4
YW,3047,-97.660114,36.595035,323.2
YW,3048,-97.660125,36.594129,324.3
YW,3049,-97.660157,36.593523,324.5
YW,4101,-97.63754,36.61882,317.1
YW,4102,-97.637506,36.61882,317.1
YW,4103,-97.637472,36.61882,317.3
YW,4104,-97.637438,36.61882,317.3
YW,4105,-97.637404,36.61882,317.5
YW,4106,-97.637404,36.618792,317.7
YW,4107,-97.637404,36.618765,317.7
YW,4108,-97.637404,36.618738,317.7
YW,4109,-97.637404,36.61871,317.7
YW,4110,-97.637438,36.61871,317.5
YW,4111,-97.637472,36.61871,317.5
YW,4112,-97.637506,36.61871,317.3
YW,4113,-97.63754,36.61871,317.3
YW,4114,-97.63754,36.618738,317.3
YW,4115,-97.63754,36.618765,317.3
YW,4116,-97.63754,36.618792,317.3
YW,4201,-97.637607,36.618874,317.0
YW,4202,-97.63754,36.618874,317.1
YW,4203,-97.637472,36.618874,317.3
YW,4204,-97.637404,36.618874,317.5
YW,4205,-97.637336,36.618874,317.5
YW,4206,-97.637336,36.61882,317.5
YW,4207,-97.637336,36.618765,317.7
YW,4208,-97.637336,36.61871,317.7
YW,4209,-97.637336,36.618656,317.8
YW,4210,-97.637404,36.618656,317.8
YW,4211,-97.637472,36.618656,317.6
YW,4212,-97.63754,36.618656,317.4
YW,4213,-97.637607,36.618656,317.2
YW,4214,-97.637607,36.61871,317.1
YW,4215,-97.637607,36.618765,317.1
YW,4216,-97.637607,36.61882,317.0
YW,4301,-97.637743,36.618984,316.6
YW,4302,-97.637607,36.618984,316.7
YW,4303,-97.637472,36.618984,317.0
YW,4304,-97.637336,36.618984,317.1
YW,4305,-97.6372,36.618984,317.4
YW,4306,-97.6372,36.618874,317.9
YW,4307,-97.6372,36.618765,318.1
YW,4309,-97.6372,36.618546,318.4
YW,4310,-97.637336,36.618546,317.9
YW,4311,-97.637472,36.618546,317.7
YW,4312,-97.637607,36.618546,317.3
YW,4313,-97.637743,36.618546,317.1
YW,4314,-97.637743,36.618656,317.0
YW,4315,-97.637743,36.618765,316.9
YW,4316,-97.637743,36.618874,316.8
YW,4401,-97.638015,36.619203,316.6
YW,4402,-97.637743,36.619203,316.6
YW,4403,-97.637472,36.619203,316.7
YW,4404,-97.6372,36.619203,316.8
YW,4405,-97.636929,36.619203,317.0
YW,4406,-97.636929,36.618984,318.0
YW,4407,-97.636929,36.618765,319.0
YW,4408,-97.636929,36.618546,319.3
YW,4409,-97.636929,36.618327,319.3
YW,4410,-97.6372,36.618327,318.4
YW,4412,-97.637743,36.618327,317.0
YW,4413,-97.638015,36.618327,316.2
YW,4414,-97.638015,36.618546,316.3
YW,4415,-97.638015,36.618765,316.2
YW,4416,-97.638015,36.618984,316.3
YW,4501,-97.638558,36.61964,317.2
YW,4502,-97.638015,36.61964,318.1
YW,4503,-97.637472,36.61964,317.3
YW,4504,-97.636929,36.61964,316.7
YW,4505,-97.636386,36.61964,318.4
YW,4506,-97.636386,36.619203,319.0
YW,4507,-97.636386,36.618765,320.8
YW,4508,-97.636386,36.618327,320.7
YW,4509,-97.636386,36.617889,320.5
YW,4510,-97.636929,36.617889,319.1
YW,4511,-97.637472,36.617889,317.1
YW,4512,-97.638015,36.617889,315.9
YW,4513,-97.638558,36.617889,314.5
YW,4514,-97.638524,36.618354,314.4
YW,4515,-97.638558,36.618765,314.8
YW,4516,-97.638558,36.619203,315.9
YW,4601,-97.639643,36.620516,317.5
YW,4602,-97.638558,36.620516,320.6
YW,4603,-97.637472,36.620516,320.2
YW,4604,-97.636386,36.620516,317.0
YW,4605,-97.6353,36.620516,319.1
YW,4606,-97.6353,36.61964,321.5
YW,4607,-97.6353,36.618765,323.3
YW,4608,-97.6353,36.617889,321.8
YW,4609,-97.6353,36.617014,317.0
YW,4612,-97.638558,36.617014,314.2
YW,4613,-97.639643,36.617014,316.0
YW,4614,-97.639643,36.617889,315.1
YW,4615,-97.639643,36.618765,314.5
YW,4616,-97.639643,36.61964,315.3
YW,4701,-97.641759,36.622222,316.3
YW,4702,-97.639643,36.622222,317.4
YW,4703,-97.637472,36.622267,318.1
YW,4704,-97.6353,36.622267,320.0
YW,4705,-97.633128,36.622267,322.9
YW,4706,-97.633128,36.620516,323.4
YW,4707,-97.633128,36.618765,323.1
YW,4708,-97.633128,36.617014,319.0
YW,4709,-97.633128,36.615263,323.8
YW,4710,-97.6353,36.615263,318.6
YW,4711,-97.637472,36.615263,315.2
YW,4712,-97.639643,36.615263,318.3
YW,4713,-97.641815,36.615263,323.6
YW,4714,-97.641798,36.617014,320.4
YW,4715,-97.641815,36.618765,314.8
YW,4716,-97.641815,36.620516,314.8
YW,5002,-97.659952,36.623588,317.7
YW,5003,-97.659958,36.622806,317.0
YW,5004,-97.659961,36.622506,317.0
YW,5005,-97.659972,36.621926,316.5
YW,5006,-97.65998,36.621626,316.1
YW,5007,-97.65999,36.620869,315.4
YW,5008,-97.659973,36.619985,314.7
YW,5009,-97.662829,36.622312,320.4
YW,5010,-97.661705,36.622309,319.4
YW,5011,-97.660767,36.622307,318.2
YW,5012,-97.660395,36.622306,317.7
YW,5013,-97.659636,36.622386,316.3
YW,5014,-97.659263,36.622385,315.4
YW,5015,-97.658332,36.622391,313.4
YW,5016,-97.657208,36.622397,312.5
YW,5017,-97.695883,36.623667,322.3
YW,5018,-97.695878,36.622911,322.4
YW,5019,-97.695876,36.622611,322.3
YW,5020,-97.695879,36.622005,321.7
YW,5021,-97.695884,36.621705,321.5
YW,5022,-97.695889,36.620948,322.1
YW,5023,-97.697675,36.622444,319.6
YW,5025,-97.696366,36.622436,321.0
YW,5026,-97.695607,36.622448,322.8
YW,5027,-97.695234,36.622447,323.4
YW,5028,-97.694303,36.622449,323.6
#YW,5031,-97.70876,36.608081,326.6
#YW,5032,-97.70862,36.608111,326.5
#YW,5033,-97.70874,36.608071,326.6
#YW,5034,-97.7086,36.608091,326.5
